0
0
0
0
0
0
0
0
0
0
0
0
0
0
0
0
0
0
0
0
0
0
0
0
0
0
0
0
0
0
0
0
0
0
0
0
0
0
0
0
0
0
0
0
0
0
0
0
0
0
0
0
0
0
0
0
0
0
0
0
0
0
0
0
0
0
0
0
0
0
0
0
0
1
0
0
1
0
2
1
0
5
3
4
9
13
12
27
27
38
35
40
62
78
86
79
92
102
143
134
134
158
197
201
196
211
244
224
271
278
249
273
278
264
276
318
293
313
334
288
288
300
281
298
293
288
294
296
298
281
285
318
287
269
234
269
240
264
229
224
254
225
250
208
245
264
234
225
210
257
226
205
229
211
197
183
221
213
220
209
203
219
219
220
199
219
226
218
234
210
210
218
195
253
231
222
217
234
230
230
221
193
252
205
216
243
235
225
220
231
209
245
227
232
247
263
223
286
255
291
259
277
275
259
303
274
293
306
318
308
334
324
295
353
349
365
358
391
388
401
407
419
411
506
515
562
634
729
848
928
959
1119
1327
1488
1617
1861
2115
2296
2719
3232
3907
4787
5918
7983
11655
17327
26021
33561
39711
42955
32445
11489
1853
165
23
1
Total 296065
74 7933728554
75 7933728554
76 7933728554
77 15578048862
78 15578048862
79 30487628241
80 37848840082
81 37848840082
82 73723655080
83 94974688887
84 122943207651
85 185059556714
86 273621782229
87 354302060224
88 533455523868
89 710255006629
90 955794562833
91 1178939190654
92 1430537144253
93 1815289190002
94 2292878734508
95 2812415503630
96 3283219531096
97 3824036247665
98 4415465346735
99 5233416469865
100 5989528375664
101 6735277045478
102 7602516903448
103 8669134981096
104 9742676567061
105 10775174314724
106 11871350906075
107 13121563667065
108 14253434540484
109 15603828654083
110 16970041978396
111 18176583223642
112 19480641024562
113 20789704429693
114 22014922436384
115 23277150351999
116 24710382318390
117 26011689965813
118 27381294599689
119 28821247422641
120 30044213168135
121 31248295561016
122 32483029897742
123 33621310510079
124 34809161025341
125 35958259815258
126 37069261712005
127 38184619398241
128 39288773694771
129 40381573022327
130 41394272601311
131 42403373886094
132 43509555473433
133 44490150664759
134 45392397183415
135 46162394089702
136 47030561812209
137 47790067738609
138 48608999177980
139 49305036069307
140 49971731874060
141 50711898904575
142 51353617516054
143 52051201960877
144 52618729438149
145 53272109039177
146 53960312075958
147 54556273266114
148 55115677079083
149 55625005009965
150 56232963500636
151 56754236535752
152 57214764085152
153 57715548439779
154 58164482812532
155 58571875081913
156 58939323180428
157 59370007118331
158 59772744479143
159 60176021657576
160 60547119953051
161 60895868551298
162 61259619686431
163 61611054791025
164 61951802005129
165 62248858757354
166 62563552631123
167 62875947238608
168 63165430289745
169 63463571052438
170 63719857074080
171 63964791010005
172 64207398480328
173 64413961196026
174 64668765473697
175 64889693854980
176 65090617952882
177 65275858820167
178 65463749810934
179 65636943694892
180 65798704129885
181 65943163379410
182 66059578385570
183 66199206911034
184 66302877465260
185 66401487219872
186 66500864628570
187 66586023905529
188 66657024210691
189 66716114719688
190 66767442911719
191 66804183701807
192 66836093276338
193 66855541623092
194 66865059682877
195 66864429032404
196 66852678903289
197 66833212757388
198 66796401239024
199 66753397323634
200 66692859121429
201 66628902077638
202 66549685307122
203 66460559913911
204 66366674323867
205 66245621438226
206 66126253899448
207 65988021108081
208 65833059714496
209 65661406248949
210 65484993610233
211 65282979369306
212 65076915653765
213 64879784996132
214 64633007939941
215 64379049558267
216 64103279307871
217 63823043524907
218 63506796776389
219 63183390178152
220 62839484155231
221 62480996072346
222 62102586480209
223 61722382794669
224 61244804205471
225 60750932809061
226 60204533381877
227 59582131285102
228 58863242629728
229 58028362348262
230 57120789380875
231 56190961172776
232 55119533822828
233 53874980554868
234 52517722812898
235 51089213584849
236 49505369250144
237 47783712250214
238 46004177960116
239 44011253733718
240 41796676567616
241 39326982612563
242 36579042850448
243 33548643443839
244 30001075299231
245 25712651324005
246 20755127812197
247 15355206760970
248 10478184341484
249 6356282403379
250 3000247102972
251 878761033649
252 144494590742
253 15121916905
254 2137449995
255 99167020
threshold 194
